Model: "sequential_3"
_________________________________________________________________
Layer (type)                 Output Shape              Param #   
=================================================================
up_sampling2d_3 (UpSampling2 (None, 224, 224, 3)       0         
_________________________________________________________________
efficientnetb0 (Functional)  (None, 7, 7, 1280)        4049571   
_________________________________________________________________
global_average_pooling2d_3 ( (None, 1280)              0         
_________________________________________________________________
batch_normalization_3 (Batch (None, 1280)              5120      
_________________________________________________________________
dropout_3 (Dropout)          (None, 1280)              0         
_________________________________________________________________
dense_3 (Dense)              (None, 10)                12810     
=================================================================
Total params: 4,067,501
Trainable params: 796,810
Non-trainable params: 3,270,691
_________________________________________________________________
None
batch size: [24, 32, 32, 32]	learning rate: 0.0005	max epochs: 100


items/class:  10  patience:  15
             precision recall  f1-score  support
0                0.749  0.952     0.839      980
1                0.986  0.962     0.974     1135
2                0.754  0.676     0.713     1032
3                0.579   0.81     0.675     1010
4                0.802  0.936     0.864      982
5                0.704  0.511     0.592      892
6                 0.93  0.803     0.862      958
7                0.749  0.875     0.807     1028
8                0.973  0.669     0.793      974
9                0.881  0.714     0.789     1009
accuracy             -      -     0.796    10000
macro avg        0.811  0.791     0.791    10000
weighted avg     0.813  0.796     0.794    10000
mcc:  0.775
last epoch:  100


items/class:  50  patience:  15
             precision recall  f1-score  support
0                0.946  0.986     0.966      980
1                0.991  0.977     0.984     1135
2                0.881   0.88     0.880     1032
3                0.956  0.876     0.914     1010
4                0.941  0.946     0.944      982
5                0.825  0.901     0.862      892
6                 0.96  0.918     0.938      958
7                0.878  0.969     0.921     1028
8                0.972  0.907     0.938      974
9                0.952  0.929     0.940     1009
accuracy             -      -     0.930    10000
macro avg         0.93  0.929     0.929    10000
weighted avg     0.932   0.93     0.930    10000
mcc:  0.922
last epoch:  99


items/class:  250  patience:  15
             precision recall  f1-score  support
0                 0.97  0.991     0.980      980
1                0.989  0.986     0.988     1135
2                0.971  0.933     0.952     1032
3                0.967  0.947     0.956     1010
4                0.976  0.982     0.979      982
5                0.894  0.975     0.933      892
6                0.971  0.968     0.969      958
7                 0.96  0.986     0.973     1028
8                0.985  0.956     0.970      974
9                0.985  0.946     0.965     1009
accuracy             -      -     0.967    10000
macro avg        0.967  0.967     0.967    10000
weighted avg     0.968  0.967     0.967    10000
mcc:  0.963
last epoch:  58


items/class:  500  patience:  10
             precision recall  f1-score  support
0                0.976  0.993     0.984      980
1                0.991  0.995     0.993     1135
2                0.976  0.967     0.971     1032
3                0.983  0.978     0.981     1010
4                0.974   0.99     0.982      982
5                0.972   0.97     0.971      892
6                0.978  0.981     0.980      958
7                0.985  0.991     0.988     1028
8                0.994  0.963     0.978      974
9                0.979  0.978     0.979     1009
accuracy             -      -     0.981    10000
macro avg        0.981  0.981     0.981    10000
weighted avg     0.981  0.981     0.981    10000
mcc:  0.979
last epoch:  56

