
items/class:  10
             precision recall  f1-score  support
0                0.632  0.698     0.663      980
1                0.656  0.722     0.687     1135
2                0.216  0.243     0.229     1032
3                0.416  0.358     0.385     1010
4                0.417  0.595     0.490      982
5                0.131  0.194     0.156      892
6                 0.49  0.343     0.404      958
7                0.424  0.452     0.438     1028
8                0.329  0.171     0.226      974
9                0.537  0.341     0.417     1009
accuracy             -      -     0.418    10000
macro avg        0.425  0.412     0.409    10000
weighted avg      0.43  0.418     0.415    10000
mcc:  0.355


items/class:  50
             precision recall  f1-score  support
0                0.761  0.779     0.770      980
1                0.803  0.789     0.796     1135
2                0.577  0.594     0.585     1032
3                0.467  0.548     0.504     1010
4                0.501  0.456     0.478      982
5                0.443  0.528     0.482      892
6                0.654  0.597     0.624      958
7                 0.71  0.744     0.727     1028
8                0.603  0.368     0.457      974
9                0.506  0.567     0.535     1009
accuracy             -      -     0.601    10000
macro avg        0.602  0.597     0.596    10000
weighted avg     0.607  0.601     0.600    10000
mcc:  0.557


items/class:  250
             precision recall  f1-score  support
0                0.813  0.793     0.803      980
1                0.876   0.93     0.902     1135
2                0.682  0.691     0.686     1032
3                0.721  0.643     0.680     1010
4                0.688  0.729     0.708      982
5                0.637  0.686     0.661      892
6                0.723  0.744     0.734      958
7                0.803  0.811     0.807     1028
8                0.717  0.659     0.687      974
9                0.707  0.681     0.694     1009
accuracy             -      -     0.740    10000
macro avg        0.737  0.737     0.736    10000
weighted avg      0.74   0.74     0.739    10000
mcc:  0.711


items/class:  500
             precision recall  f1-score  support
0                0.875  0.894     0.884      980
1                0.913  0.922     0.917     1135
2                0.767  0.748     0.758     1032
3                0.735  0.748     0.741     1010
4                0.769  0.759     0.764      982
5                0.694  0.698     0.696      892
6                0.797  0.817     0.807      958
7                0.811  0.837     0.824     1028
8                0.746  0.692     0.718      974
9                0.753  0.752     0.753     1009
accuracy             -      -     0.789    10000
macro avg        0.786  0.787     0.786    10000
weighted avg     0.789  0.789     0.789    10000
mcc:  0.766

