              precision    recall  f1-score   support

           0      0.868     0.968     0.916       980
           1      0.991     0.978     0.984      1135
           2      0.907     0.886     0.896      1032
           3      0.731     0.902     0.808      1010
           4      0.860     0.906     0.882       982
           5      0.903     0.541     0.677       892
           6      0.924     0.909     0.916       958
           7      0.945     0.848     0.894      1028
           8      0.867     0.819     0.843       974
           9      0.749     0.874     0.807      1009

    accuracy                          0.868     10000
   macro avg      0.875     0.863     0.862     10000
weighted avg      0.876     0.868     0.866     10000

mcc: 0.854
-------------------------------

              precision    recall  f1-score   support

           0      0.944     0.989     0.966       980
           1      0.990     0.985     0.988      1135
           2      0.943     0.961     0.952      1032
           3      0.982     0.936     0.958      1010
           4      0.967     0.960     0.964       982
           5      0.975     0.932     0.953       892
           6      0.976     0.975     0.975       958
           7      0.949     0.970     0.959      1028
           8      0.951     0.934     0.943       974
           9      0.923     0.950     0.937      1009

    accuracy                          0.960     10000
   macro avg      0.960     0.959     0.959     10000
weighted avg      0.960     0.960     0.960     10000

mcc: 0.955
-------------------------------

              precision    recall  f1-score   support

           0      0.985     0.987     0.986       980
           1      0.996     0.989     0.993      1135
           2      0.978     0.988     0.983      1032
           3      0.990     0.986     0.988      1010
           4      0.989     0.989     0.989       982
           5      0.992     0.988     0.990       892
           6      0.982     0.991     0.986       958
           7      0.980     0.985     0.983      1028
           8      0.985     0.976     0.981       974
           9      0.984     0.982     0.983      1009

    accuracy                          0.986     10000
   macro avg      0.986     0.986     0.986     10000
weighted avg      0.986     0.986     0.986     10000

mcc: 0.985
-------------------------------

              precision    recall  f1-score   support

           0      0.984     0.994     0.989       980
           1      0.996     0.997     0.996      1135
           2      0.986     0.988     0.987      1032
           3      0.991     0.991     0.991      1010
           4      0.996     0.993     0.994       982
           5      0.991     0.991     0.991       892
           6      0.993     0.983     0.988       958
           7      0.987     0.984     0.986      1028
           8      0.987     0.986     0.986       974
           9      0.986     0.988     0.987      1009

    accuracy                          0.990     10000
   macro avg      0.990     0.990     0.990     10000
weighted avg      0.990     0.990     0.990     10000

mcc: 0.989
-------------------------------

