Model: "sequential_3"
_________________________________________________________________
Layer (type)                 Output Shape              Param #   
=================================================================
conv2d_18 (Conv2D)           (None, 28, 28, 64)        3200      
_________________________________________________________________
max_pooling2d_3 (MaxPooling2 (None, 7, 7, 64)          0         
_________________________________________________________________
conv2d_19 (Conv2D)           (None, 7, 7, 128)         204928    
_________________________________________________________________
conv2d_20 (Conv2D)           (None, 7, 7, 64)          204864    
_________________________________________________________________
conv2d_21 (Conv2D)           (None, 7, 7, 64)          102464    
_________________________________________________________________
conv2d_22 (Conv2D)           (None, 7, 7, 32)          100384    
_________________________________________________________________
conv2d_23 (Conv2D)           (None, 7, 7, 128)         102528    
_________________________________________________________________
global_average_pooling2d_3 ( (None, 128)               0         
_________________________________________________________________
dense_3 (Dense)              (None, 10)                1290      
=================================================================
Total params: 719,658
Trainable params: 719,658
Non-trainable params: 0
_________________________________________________________________
None
batch size: 32	learning rate: 0.001	max epochs: 60


items/class:  10  patience:  4
             precision recall  f1-score  support
0                0.697  0.688     0.692      980
1                0.998  0.788     0.880     1135
2                0.768  0.562     0.649     1032
3                0.752  0.918     0.827     1010
4                 0.54  0.701     0.610      982
5                 0.69  0.643     0.666      892
6                0.683  0.951     0.795      958
7                0.954  0.626     0.756     1028
8                0.702  0.659     0.680      974
9                0.564  0.627     0.594     1009
accuracy             -      -     0.717    10000
macro avg        0.735  0.716     0.715    10000
weighted avg      0.74  0.717     0.718    10000
mcc:  0.687
last epoch:  38


items/class:  50  patience:  4
             precision recall  f1-score  support
0                0.954   0.97     0.962      980
1                 0.97  0.981     0.975     1135
2                 0.91  0.952     0.930     1032
3                0.899   0.87     0.884     1010
4                0.965  0.887     0.924      982
5                0.839  0.825     0.832      892
6                 0.91  0.955     0.932      958
7                0.973  0.888     0.929     1028
8                0.835  0.886     0.860      974
9                0.873    0.9     0.886     1009
accuracy             -      -     0.913    10000
macro avg        0.913  0.912     0.912    10000
weighted avg     0.914  0.913     0.913    10000
mcc:  0.904
last epoch:  22


items/class:  250  patience:  4
             precision recall  f1-score  support
0                0.914  0.989     0.950      980
1                0.983  0.991     0.987     1135
2                0.894  0.977     0.934     1032
3                0.979   0.95     0.964     1010
4                0.985  0.976     0.980      982
5                0.978  0.928     0.952      892
6                0.927  0.987     0.956      958
7                0.964   0.98     0.972     1028
8                0.995  0.771     0.869      974
9                0.939  0.974     0.956     1009
accuracy             -      -     0.953    10000
macro avg        0.956  0.952     0.952    10000
weighted avg     0.956  0.953     0.953    10000
mcc:  0.949
last epoch:  14


items/class:  500  patience:  4
             precision recall  f1-score  support
0                0.976  0.992     0.984      980
1                0.996  0.987     0.991     1135
2                 0.99  0.964     0.977     1032
3                0.993   0.96     0.976     1010
4                0.982  0.982     0.982      982
5                0.975  0.981     0.978      892
6                0.989  0.978     0.984      958
7                0.969  0.989     0.979     1028
8                0.978  0.961     0.969      974
9                0.941  0.993     0.966     1009
accuracy             -      -     0.979    10000
macro avg        0.979  0.979     0.979    10000
weighted avg     0.979  0.979     0.979    10000
mcc:  0.976
last epoch:  15

