
items/class:  10
             precision recall  f1-score  support
0                0.824  0.978     0.894      980
1                0.771  0.976     0.862     1135
2                0.865  0.643     0.738     1032
3                0.688  0.709     0.699     1010
4                0.755  0.748     0.752      982
5                0.703  0.545     0.614      892
6                 0.85  0.874     0.862      958
7                0.775  0.822     0.798     1028
8                0.736  0.613     0.669      974
9                0.687   0.71     0.698     1009
accuracy             -      -     0.766    10000
macro avg        0.765  0.762     0.758    10000
weighted avg     0.766  0.766     0.761    10000
mcc:  0.741


items/class:  50
             precision recall  f1-score  support
0                0.916  0.985     0.949      980
1                0.928  0.983     0.955     1135
2                 0.91  0.877     0.893     1032
3                0.907   0.85     0.877     1010
4                0.873  0.886     0.880      982
5                0.828  0.839     0.833      892
6                0.897  0.919     0.908      958
7                0.896  0.901     0.899     1028
8                 0.91  0.832     0.869      974
9                0.856  0.848     0.852     1009
accuracy             -      -     0.893    10000
macro avg        0.892  0.892     0.891    10000
weighted avg     0.893  0.893     0.893    10000
mcc:  0.882


items/class:  250
             precision recall  f1-score  support
0                0.953  0.979     0.966      980
1                0.966  0.985     0.976     1135
2                0.936  0.913     0.924     1032
3                0.924  0.911     0.917     1010
4                0.915  0.907     0.911      982
5                0.921  0.905     0.913      892
6                0.925  0.938     0.932      958
7                0.944  0.916     0.930     1028
8                0.925  0.894     0.909      974
9                0.868  0.923     0.894     1009
accuracy             -      -     0.928    10000
macro avg        0.928  0.927     0.927    10000
weighted avg     0.928  0.928     0.928    10000
mcc:  0.92


items/class:  500
             precision recall  f1-score  support
0                0.955  0.985     0.970      980
1                0.974  0.986     0.980     1135
2                0.941  0.924     0.933     1032
3                0.936   0.92     0.928     1010
4                0.933  0.935     0.934      982
5                0.933   0.92     0.927      892
6                0.939  0.954     0.947      958
7                0.952  0.915     0.934     1028
8                0.934  0.915     0.924      974
9                0.891  0.933     0.911     1009
accuracy             -      -     0.939    10000
macro avg        0.939  0.939     0.939    10000
weighted avg     0.939  0.939     0.939    10000
mcc:  0.933

