
items/class:  10
             precision recall  f1-score  support
0                0.859  0.955     0.904      980
1                0.899  0.967     0.932     1135
2                0.841  0.715     0.773     1032
3                0.715   0.77     0.742     1010
4                0.762  0.775     0.768      982
5                 0.65  0.665     0.657      892
6                0.889   0.89     0.890      958
7                0.848  0.775     0.810     1028
8                0.805  0.602     0.689      974
9                0.655  0.768     0.707     1009
accuracy             -      -     0.792    10000
macro avg        0.792  0.788     0.787    10000
weighted avg     0.795  0.792     0.790    10000
mcc:  0.769


items/class:  50
             precision recall  f1-score  support
0                0.923  0.972     0.947      980
1                0.948  0.984     0.966     1135
2                 0.92  0.878     0.898     1032
3                0.904  0.872     0.888     1010
4                0.868  0.901     0.884      982
5                0.834   0.87     0.852      892
6                0.942  0.944     0.943      958
7                  0.9  0.905     0.902     1028
8                0.928  0.823     0.873      974
9                0.857  0.868     0.863     1009
accuracy             -      -     0.903    10000
macro avg        0.902  0.902     0.902    10000
weighted avg     0.904  0.903     0.903    10000
mcc:  0.892


items/class:  250
             precision recall  f1-score  support
0                0.961  0.982     0.971      980
1                0.964  0.989     0.977     1135
2                0.954  0.939     0.946     1032
3                 0.94  0.945     0.942     1010
4                0.933  0.932     0.932      982
5                0.933  0.937     0.935      892
6                0.954  0.962     0.958      958
7                0.954  0.935     0.944     1028
8                0.948  0.913     0.930      974
9                0.919  0.925     0.922     1009
accuracy             -      -     0.946    10000
macro avg        0.946  0.946     0.946    10000
weighted avg     0.946  0.946     0.946    10000
mcc:  0.94


items/class:  500
             precision recall  f1-score  support
0                0.965   0.99     0.977      980
1                0.978  0.991     0.985     1135
2                0.958  0.957     0.958     1032
3                0.953  0.957     0.955     1010
4                0.957  0.962     0.960      982
5                0.948  0.946     0.947      892
6                0.969   0.97     0.969      958
7                0.962  0.948     0.955     1028
8                0.951  0.937     0.944      974
9                0.952  0.934     0.942     1009
accuracy             -      -     0.960    10000
macro avg        0.959  0.959     0.959    10000
weighted avg      0.96   0.96     0.960    10000
mcc:  0.955

