
items/class:  10
             precision recall  f1-score  support
0                0.019   0.05     0.028       20
1                0.194   0.15     0.169       40
2                0.011   0.05     0.018       20
3                0.014  0.028     0.019       36
4                    0      0     0.000       45
...                ...    ...       ...      ...
100              0.042  0.026     0.032       38
101                  0      0     0.000       28
accuracy             -      -     0.024     6149
macro avg        0.026  0.026     0.023     6149
weighted avg     0.033  0.024     0.025     6149

[105 rows x 4 columns]
mcc:  0.015

