
items/class:  10
             precision recall  f1-score  support
0                    0      0     0.000       20
1                0.174    0.6     0.270       40
2                    0      0     0.000       20
3                0.067  0.028     0.039       36
4                0.077  0.067     0.071       45
...                ...    ...       ...      ...
100                  0      0     0.000       38
101              0.167  0.143     0.154       28
accuracy             -      -     0.101    10000
macro avg        0.086  0.117     0.076     6149
weighted avg     0.089  0.101     0.069     6149

[105 rows x 4 columns]
mcc:  0.092

