
items/class:  10
             precision recall  f1-score  support
0                0.016   0.05     0.024       20
1                0.441  0.375     0.405       40
2                    0      0     0.000       20
3                 0.16  0.111     0.131       36
4                0.023  0.044     0.030       45
...                ...    ...       ...      ...
100              0.042  0.026     0.032       38
101              0.056  0.036     0.043       28
accuracy             -      -     0.083     6149
macro avg        0.072   0.09     0.068     6149
weighted avg     0.078  0.083     0.067     6149

[105 rows x 4 columns]
mcc:  0.073

