Model: "sequential_3"
_________________________________________________________________
Layer (type)                 Output Shape              Param #   
=================================================================
up_sampling2d_3 (UpSampling2 (None, 224, 224, 3)       0         
_________________________________________________________________
efficientnetb0 (Functional)  (None, 7, 7, 1280)        4049571   
_________________________________________________________________
global_average_pooling2d_3 ( (None, 1280)              0         
_________________________________________________________________
batch_normalization_3 (Batch (None, 1280)              5120      
_________________________________________________________________
dropout_3 (Dropout)          (None, 1280)              0         
_________________________________________________________________
dense_3 (Dense)              (None, 10)                12810     
=================================================================
Total params: 4,067,501
Trainable params: 796,810
Non-trainable params: 3,270,691
_________________________________________________________________
None
batch size: [20, 32, 32, 32]	learning rate: 0.0001	max epochs: 100
lrmin=0.00005
lrmax=0.00015


items/class:  10  patience:  25
             precision recall  f1-score  support
0                0.385   0.09     0.146     1000
1                0.313  0.651     0.423     1000
2                 0.34  0.168     0.225     1000
3                0.384  0.104     0.164     1000
4                0.446  0.287     0.349     1000
5                0.526  0.415     0.464     1000
6                0.398  0.605     0.480     1000
7                0.406  0.468     0.435     1000
8                0.378  0.492     0.427     1000
9                 0.33  0.499     0.397     1000
accuracy             -      -     0.378    10000
macro avg         0.39  0.378     0.351    10000
weighted avg      0.39  0.378     0.351    10000
mcc:  0.315
last epoch:  100


items/class:  50  patience:  25
             precision recall  f1-score  support
0                0.703  0.591     0.642     1000
1                0.586  0.689     0.634     1000
2                0.767  0.329     0.460     1000
3                0.589  0.327     0.421     1000
4                0.637  0.428     0.512     1000
5                0.647  0.503     0.566     1000
6                0.488  0.815     0.610     1000
7                0.587  0.656     0.619     1000
8                0.708  0.661     0.684     1000
9                0.461  0.843     0.596     1000
accuracy             -      -     0.584    10000
macro avg        0.617  0.584     0.574    10000
weighted avg     0.617  0.584     0.574    10000
mcc:  0.544
last epoch:  100


items/class:  250  patience:  25
             precision recall  f1-score  support
0                0.756  0.726     0.741     1000
1                0.741  0.896     0.811     1000
2                0.706   0.62     0.660     1000
3                0.656  0.484     0.557     1000
4                0.741  0.543     0.627     1000
5                0.795  0.607     0.688     1000
6                0.625  0.887     0.733     1000
7                0.722  0.774     0.747     1000
8                0.823  0.843     0.833     1000
9                0.712  0.856     0.777     1000
accuracy             -      -     0.724    10000
macro avg        0.728  0.724     0.717    10000
weighted avg     0.728  0.724     0.717    10000
mcc:  0.695
last epoch:  100


items/class:  500  patience:  20
             precision recall  f1-score  support
0                0.815  0.757     0.785     1000
1                0.801  0.899     0.847     1000
2                0.709    0.7     0.705     1000
3                0.685  0.593     0.636     1000
4                0.787  0.587     0.672     1000
5                0.834  0.603     0.700     1000
6                0.658  0.896     0.759     1000
7                0.792  0.805     0.799     1000
8                0.848  0.873     0.861     1000
9                0.748  0.912     0.822     1000
accuracy             -      -     0.762    10000
macro avg        0.768  0.762     0.758    10000
weighted avg     0.768  0.762     0.758    10000
mcc:  0.738
last epoch:  100

2021-02-27 16:30:50.591782
