Model: "sequential_3"
_________________________________________________________________
Layer (type)                 Output Shape              Param #   
=================================================================
conv2d_12 (Conv2D)           (None, 32, 32, 128)       18944     
_________________________________________________________________
batch_normalization_3 (Batch (None, 32, 32, 128)       512       
_________________________________________________________________
max_pooling2d_3 (MaxPooling2 (None, 8, 8, 128)         0         
_________________________________________________________________
conv2d_13 (Conv2D)           (None, 8, 8, 128)         802944    
_________________________________________________________________
conv2d_14 (Conv2D)           (None, 8, 8, 64)          401472    
_________________________________________________________________
conv2d_15 (Conv2D)           (None, 8, 8, 64)          200768    
_________________________________________________________________
global_average_pooling2d_3 ( (None, 64)                0         
_________________________________________________________________
dropout_3 (Dropout)          (None, 64)                0         
_________________________________________________________________
dense_3 (Dense)              (None, 10)                650       
=================================================================
Total params: 1,425,290
Trainable params: 1,425,034
Non-trainable params: 256
_________________________________________________________________
None
batch size: [20, 32, 32, 32]	learning rate: 5e-05	max epochs: 350


items/class:  10  patience:  90
             precision recall  f1-score  support
0                0.385  0.383     0.384     1000
1                0.292  0.331     0.311     1000
2                0.182  0.213     0.196     1000
3                0.194  0.229     0.210     1000
4                 0.24   0.34     0.281     1000
5                0.336  0.274     0.302     1000
6                0.296  0.221     0.253     1000
7                0.309  0.302     0.306     1000
8                0.473  0.372     0.416     1000
9                 0.31  0.241     0.271     1000
accuracy             -      -     0.291    10000
macro avg        0.302  0.291     0.293    10000
weighted avg     0.302  0.291     0.293    10000
mcc:  0.212
last epoch:  118


items/class:  50  patience:  35
             precision recall  f1-score  support
0                0.446  0.496     0.469     1000
1                0.447  0.524     0.482     1000
2                0.223   0.26     0.240     1000
3                 0.25  0.248     0.249     1000
4                0.284  0.301     0.292     1000
5                0.379  0.364     0.371     1000
6                0.398  0.477     0.434     1000
7                0.434  0.351     0.388     1000
8                0.603  0.458     0.520     1000
9                0.482  0.369     0.418     1000
accuracy             -      -     0.385    10000
macro avg        0.394  0.385     0.386    10000
weighted avg     0.394  0.385     0.386    10000
mcc:  0.317
last epoch:  56


items/class:  250  patience:  30
             precision recall  f1-score  support
0                0.587  0.506     0.544     1000
1                0.537  0.634     0.582     1000
2                0.399   0.26     0.315     1000
3                0.285  0.338     0.309     1000
4                0.352  0.308     0.328     1000
5                0.422    0.4     0.411     1000
6                 0.47  0.637     0.541     1000
7                0.551  0.498     0.523     1000
8                0.685  0.514     0.587     1000
9                0.465  0.599     0.524     1000
accuracy             -      -     0.469    10000
macro avg        0.475  0.469     0.466    10000
weighted avg     0.475  0.469     0.466    10000
mcc:  0.412
last epoch:  48


items/class:  500  patience:  20
             precision recall  f1-score  support
0                0.564  0.644     0.602     1000
1                0.699  0.626     0.661     1000
2                 0.43  0.382     0.405     1000
3                0.362  0.275     0.313     1000
4                0.454  0.438     0.446     1000
5                0.423  0.462     0.442     1000
6                0.549  0.692     0.612     1000
7                0.629  0.618     0.624     1000
8                 0.66  0.719     0.688     1000
9                0.633  0.588     0.610     1000
accuracy             -      -     0.544    10000
macro avg        0.541  0.544     0.540    10000
weighted avg     0.541  0.544     0.540    10000
mcc:  0.494
last epoch:  40

2021-02-23 19:21:58.231928
