
items/class:  10
             precision recall  f1-score  support
0                0.336  0.187     0.240     1000
1                0.102  0.182     0.131     1000
2                0.144  0.103     0.120     1000
3                0.084  0.086     0.085     1000
4                0.134    0.2     0.160     1000
5                0.228  0.209     0.218     1000
6                0.165  0.258     0.201     1000
7                0.119  0.096     0.106     1000
8                0.306  0.219     0.255     1000
9                0.224  0.095     0.133     1000
accuracy             -      -     0.164    10000
macro avg        0.184  0.164     0.165    10000
weighted avg     0.184  0.164     0.165    10000
mcc:  0.071


items/class:  50
             precision recall  f1-score  support
0                0.224  0.206     0.215     1000
1                0.162  0.172     0.167     1000
2                0.134  0.124     0.129     1000
3                0.148  0.155     0.152     1000
4                0.145  0.163     0.154     1000
5                0.154  0.149     0.151     1000
6                0.206  0.259     0.230     1000
7                0.182  0.161     0.171     1000
8                0.348  0.245     0.287     1000
9                0.258  0.286     0.271     1000
accuracy             -      -     0.192    10000
macro avg        0.196  0.192     0.193    10000
weighted avg     0.196  0.192     0.193    10000
mcc:  0.102


items/class:  250
             precision recall  f1-score  support
0                0.321  0.319     0.320     1000
1                0.229  0.183     0.204     1000
2                0.192  0.063     0.095     1000
3                0.161  0.147     0.154     1000
4                0.193  0.514     0.281     1000
5                0.186  0.168     0.177     1000
6                0.263  0.112     0.157     1000
7                0.184  0.237     0.207     1000
8                0.319  0.363     0.339     1000
9                0.327  0.182     0.234     1000
accuracy             -      -     0.229    10000
macro avg        0.238  0.229     0.217    10000
weighted avg     0.238  0.229     0.217    10000
mcc:  0.146


items/class:  500
             precision recall  f1-score  support
0                0.323  0.382     0.350     1000
1                0.278  0.238     0.256     1000
2                0.141  0.129     0.135     1000
3                0.178  0.192     0.185     1000
4                 0.24  0.405     0.301     1000
5                0.262  0.159     0.198     1000
6                0.253  0.241     0.247     1000
7                0.306  0.136     0.188     1000
8                0.282  0.335     0.306     1000
9                0.278  0.302     0.290     1000
accuracy             -      -     0.252    10000
macro avg        0.254  0.252     0.246    10000
weighted avg     0.254  0.252     0.246    10000
mcc:  0.17

