              precision    recall  f1-score   support

           0      0.391     0.393     0.392      1000
           1      0.308     0.406     0.350      1000
           2      0.150     0.111     0.127      1000
           3      0.190     0.094     0.126      1000
           4      0.293     0.211     0.245      1000
           5      0.253     0.440     0.321      1000
           6      0.397     0.343     0.368      1000
           7      0.332     0.368     0.349      1000
           8      0.476     0.417     0.445      1000
           9      0.358     0.405     0.380      1000

    accuracy                          0.319     10000
   macro avg      0.315     0.319     0.310     10000
weighted avg      0.315     0.319     0.310     10000

mcc: 0.245
-------------------------------

              precision    recall  f1-score   support

           0      0.518     0.423     0.466      1000
           1      0.502     0.507     0.504      1000
           2      0.242     0.243     0.242      1000
           3      0.283     0.191     0.228      1000
           4      0.383     0.308     0.341      1000
           5      0.364     0.485     0.416      1000
           6      0.447     0.605     0.514      1000
           7      0.539     0.434     0.481      1000
           8      0.610     0.539     0.572      1000
           9      0.434     0.570     0.493      1000

    accuracy                          0.430     10000
   macro avg      0.432     0.430     0.426     10000
weighted avg      0.432     0.430     0.426     10000

mcc: 0.368
-------------------------------

              precision    recall  f1-score   support

           0      0.606     0.627     0.617      1000
           1      0.646     0.730     0.685      1000
           2      0.428     0.322     0.367      1000
           3      0.416     0.317     0.360      1000
           4      0.481     0.473     0.477      1000
           5      0.465     0.496     0.480      1000
           6      0.656     0.695     0.675      1000
           7      0.631     0.643     0.637      1000
           8      0.660     0.711     0.685      1000
           9      0.588     0.656     0.620      1000

    accuracy                          0.567     10000
   macro avg      0.558     0.567     0.560     10000
weighted avg      0.558     0.567     0.560     10000

mcc: 0.519
-------------------------------

              precision    recall  f1-score   support

           0      0.675     0.690     0.682      1000
           1      0.747     0.763     0.755      1000
           2      0.525     0.502     0.513      1000
           3      0.487     0.422     0.452      1000
           4      0.583     0.532     0.556      1000
           5      0.525     0.525     0.525      1000
           6      0.706     0.755     0.730      1000
           7      0.701     0.709     0.705      1000
           8      0.729     0.806     0.766      1000
           9      0.696     0.720     0.708      1000

    accuracy                          0.642     10000
   macro avg      0.637     0.642     0.639     10000
weighted avg      0.637     0.642     0.639     10000

mcc: 0.603
-------------------------------

