Model: "sequential_3"
_________________________________________________________________
Layer (type)                 Output Shape              Param #   
=================================================================
conv2d_12 (Conv2D)           (None, 32, 32, 128)       18944     
_________________________________________________________________
max_pooling2d_3 (MaxPooling2 (None, 8, 8, 128)         0         
_________________________________________________________________
conv2d_13 (Conv2D)           (None, 8, 8, 128)         802944    
_________________________________________________________________
conv2d_14 (Conv2D)           (None, 8, 8, 64)          401472    
_________________________________________________________________
conv2d_15 (Conv2D)           (None, 8, 8, 64)          200768    
_________________________________________________________________
global_average_pooling2d_3 ( (None, 64)                0         
_________________________________________________________________
dense_3 (Dense)              (None, 10)                650       
=================================================================
Total params: 1,424,778
Trainable params: 1,424,778
Non-trainable params: 0
_________________________________________________________________
None
batch size: [20, 32, 64, 64]	learning rate: 5e-05	max epochs: 120


items/class:  10  patience:  55
             precision recall  f1-score  support
0                0.391  0.424     0.407     1000
1                0.269  0.363     0.309     1000
2                0.151  0.116     0.131     1000
3                0.089  0.037     0.052     1000
4                0.268   0.09     0.135     1000
5                0.229  0.411     0.294     1000
6                0.352  0.255     0.296     1000
7                0.268  0.379     0.314     1000
8                 0.43  0.467     0.448     1000
9                0.378  0.389     0.383     1000
accuracy             -      -     0.293    10000
macro avg        0.283  0.293     0.277    10000
weighted avg     0.283  0.293     0.277    10000
mcc:  0.217
last epoch:  103


items/class:  50  patience:  20
             precision recall  f1-score  support
0                0.491  0.386     0.432     1000
1                 0.43  0.466     0.447     1000
2                0.241  0.095     0.136     1000
3                0.259  0.174     0.208     1000
4                0.356  0.171     0.231     1000
5                0.398  0.404     0.401     1000
6                0.337  0.662     0.447     1000
7                0.446  0.451     0.449     1000
8                0.611  0.441     0.512     1000
9                0.345  0.646     0.450     1000
accuracy             -      -     0.390    10000
macro avg        0.391   0.39     0.371    10000
weighted avg     0.391   0.39     0.371    10000
mcc:  0.326
last epoch:  107


items/class:  250  patience:  20
             precision recall  f1-score  support
0                0.542  0.467     0.502     1000
1                0.582  0.719     0.643     1000
2                 0.44  0.129     0.200     1000
3                0.345  0.218     0.267     1000
4                0.438  0.399     0.417     1000
5                0.481  0.427     0.453     1000
6                0.536  0.663     0.593     1000
7                0.551  0.554     0.552     1000
8                 0.48  0.814     0.604     1000
9                0.473  0.586     0.524     1000
accuracy             -      -     0.498    10000
macro avg        0.487  0.498     0.475    10000
weighted avg     0.487  0.498     0.475    10000
mcc:  0.445
last epoch:  120


items/class:  500  patience:  20
             precision recall  f1-score  support
0                0.743  0.523     0.614     1000
1                 0.71  0.704     0.707     1000
2                0.496  0.461     0.478     1000
3                0.393  0.454     0.421     1000
4                0.479   0.56     0.516     1000
5                0.499  0.477     0.488     1000
6                0.582  0.803     0.675     1000
7                0.764  0.579     0.659     1000
8                0.631  0.828     0.716     1000
9                0.792  0.511     0.621     1000
accuracy             -      -     0.590    10000
macro avg        0.609   0.59     0.590    10000
weighted avg     0.609   0.59     0.590    10000
mcc:  0.546
last epoch:  120

2021-02-22 18:27:57.105286
