Model: "sequential_3"
_________________________________________________________________
Layer (type)                 Output Shape              Param #   
=================================================================
conv2d_12 (Conv2D)           (None, 32, 32, 128)       18944     
_________________________________________________________________
max_pooling2d_3 (MaxPooling2 (None, 8, 8, 128)         0         
_________________________________________________________________
conv2d_13 (Conv2D)           (None, 8, 8, 128)         802944    
_________________________________________________________________
conv2d_14 (Conv2D)           (None, 8, 8, 64)          401472    
_________________________________________________________________
conv2d_15 (Conv2D)           (None, 8, 8, 64)          200768    
_________________________________________________________________
global_average_pooling2d_3 ( (None, 64)                0         
_________________________________________________________________
dense_3 (Dense)              (None, 10)                650       
=================================================================
Total params: 1,424,778
Trainable params: 1,424,778
Non-trainable params: 0
_________________________________________________________________
None
batch size: [20, 64, 128, 128]	learning rate: 5e-05	max epochs: 80


items/class:  10  patience:  30
             precision recall  f1-score  support
0                0.462  0.116     0.185     1000
1                0.376  0.178     0.242     1000
2                0.137   0.23     0.172     1000
3                0.132  0.103     0.116     1000
4                0.193  0.092     0.125     1000
5                0.194  0.071     0.104     1000
6                0.325  0.463     0.382     1000
7                0.194  0.508     0.281     1000
8                0.372  0.466     0.414     1000
9                0.363  0.248     0.295     1000
accuracy             -      -     0.248    10000
macro avg        0.275  0.248     0.231    10000
weighted avg     0.275  0.248     0.231    10000
mcc:  0.169
last epoch:  78
2021-01-11 22:02:09.398551


items/class:  50  patience:  18
             precision recall  f1-score  support
0                0.487  0.329     0.393     1000
1                0.393  0.414     0.403     1000
2                 0.23    0.1     0.139     1000
3                 0.22  0.107     0.144     1000
4                0.312  0.202     0.245     1000
5                0.296  0.434     0.352     1000
6                0.369  0.519     0.431     1000
7                0.339  0.429     0.379     1000
8                0.495  0.452     0.472     1000
9                0.344  0.569     0.429     1000
accuracy             -      -     0.356    10000
macro avg        0.349  0.356     0.339    10000
weighted avg     0.349  0.356     0.339    10000
mcc:  0.287
last epoch:  80
2021-01-11 22:02:09.499275


items/class:  250  patience:  17
             precision recall  f1-score  support
0                0.531  0.463     0.495     1000
1                0.482  0.674     0.562     1000
2                0.265  0.167     0.205     1000
3                0.346  0.141     0.200     1000
4                 0.32  0.387     0.350     1000
5                0.484  0.321     0.386     1000
6                0.422  0.639     0.508     1000
7                0.461  0.579     0.514     1000
8                0.557  0.603     0.579     1000
9                 0.49  0.473     0.481     1000
accuracy             -      -     0.445    10000
macro avg        0.436  0.445     0.428    10000
weighted avg     0.436  0.445     0.428    10000
mcc:  0.385
last epoch:  80
2021-01-11 22:02:09.555077


items/class:  500  patience:  17
             precision recall  f1-score  support
0                0.591  0.479     0.529     1000
1                0.673  0.455     0.543     1000
2                0.368   0.43     0.396     1000
3                0.335   0.33     0.333     1000
4                0.469   0.35     0.401     1000
5                0.443  0.527     0.481     1000
6                0.708  0.523     0.601     1000
7                0.504  0.713     0.591     1000
8                0.742   0.46     0.568     1000
9                0.466  0.769     0.580     1000
accuracy             -      -     0.504    10000
macro avg         0.53  0.504     0.502    10000
weighted avg      0.53  0.504     0.502    10000
mcc:  0.451
last epoch:  80
2021-01-11 22:02:09.667421

