
items/class:  10
             precision recall  f1-score  support
0                 0.36  0.444     0.398     1000
1                0.279  0.168     0.210     1000
2                0.189  0.144     0.164     1000
3                0.159  0.101     0.123     1000
4                0.227  0.384     0.285     1000
5                0.408  0.119     0.184     1000
6                0.225  0.416     0.292     1000
7                0.304   0.22     0.255     1000
8                 0.46  0.419     0.439     1000
9                0.326  0.426     0.370     1000
accuracy             -      -     0.284    10000
macro avg        0.294  0.284     0.272    10000
weighted avg     0.294  0.284     0.272    10000
mcc:  0.207


items/class:  50
             precision recall  f1-score  support
0                0.389  0.514     0.443     1000
1                  0.4  0.291     0.337     1000
2                0.188  0.167     0.177     1000
3                0.194  0.151     0.170     1000
4                0.304  0.319     0.311     1000
5                0.298  0.311     0.304     1000
6                0.307  0.388     0.343     1000
7                0.378  0.292     0.329     1000
8                0.469  0.452     0.461     1000
9                0.384  0.459     0.418     1000
accuracy             -      -     0.334    10000
macro avg        0.331  0.334     0.329    10000
weighted avg     0.331  0.334     0.329    10000
mcc:  0.261


items/class:  250
             precision recall  f1-score  support
0                 0.48    0.5     0.490     1000
1                0.462  0.446     0.454     1000
2                0.304  0.207     0.246     1000
3                0.277  0.182     0.220     1000
4                0.332  0.404     0.365     1000
5                0.362  0.381     0.371     1000
6                0.414  0.502     0.454     1000
7                0.413  0.369     0.390     1000
8                0.498  0.546     0.521     1000
9                0.415   0.49     0.449     1000
accuracy             -      -     0.403    10000
macro avg        0.396  0.403     0.396    10000
weighted avg     0.396  0.403     0.396    10000
mcc:  0.337


items/class:  500
             precision recall  f1-score  support
0                0.496  0.523     0.509     1000
1                0.465  0.484     0.475     1000
2                0.344  0.246     0.287     1000
3                0.316  0.197     0.243     1000
4                0.362  0.396     0.378     1000
5                0.379  0.381     0.380     1000
6                0.431  0.549     0.483     1000
7                0.452  0.375     0.410     1000
8                0.519  0.571     0.544     1000
9                0.414  0.524     0.462     1000
accuracy             -      -     0.425    10000
macro avg        0.418  0.425     0.417    10000
weighted avg     0.418  0.425     0.417    10000
mcc:  0.362

