
items/class:  10
             precision recall  f1-score  support
0                0.357  0.297     0.324     1000
1                0.222  0.282     0.248     1000
2                0.143  0.177     0.158     1000
3                0.186  0.112     0.140     1000
4                0.257  0.345     0.294     1000
5                0.357  0.172     0.232     1000
6                0.226   0.33     0.268     1000
7                0.213  0.214     0.213     1000
8                0.503  0.323     0.393     1000
9                0.328  0.369     0.347     1000
accuracy             -      -     0.262    10000
macro avg        0.279  0.262     0.262    10000
weighted avg     0.279  0.262     0.262    10000
mcc:  0.181


items/class:  50
             precision recall  f1-score  support
0                0.385  0.496     0.434     1000
1                0.365   0.38     0.372     1000
2                0.218  0.253     0.234     1000
3                  0.2  0.243     0.219     1000
4                0.324  0.309     0.316     1000
5                0.324  0.289     0.306     1000
6                0.343  0.349     0.346     1000
7                0.356  0.248     0.292     1000
8                0.543  0.401     0.461     1000
9                0.419  0.418     0.418     1000
accuracy             -      -     0.339    10000
macro avg        0.348  0.339     0.340    10000
weighted avg     0.348  0.339     0.340    10000
mcc:  0.266


items/class:  250
             precision recall  f1-score  support
0                0.488  0.524     0.506     1000
1                0.465  0.518     0.490     1000
2                0.299  0.277     0.288     1000
3                0.258  0.239     0.248     1000
4                0.357  0.423     0.387     1000
5                0.358  0.324     0.340     1000
6                0.448  0.481     0.464     1000
7                0.468  0.389     0.425     1000
8                0.577  0.583     0.580     1000
9                0.478  0.457     0.467     1000
accuracy             -      -     0.422    10000
macro avg         0.42  0.422     0.419    10000
weighted avg      0.42  0.422     0.419    10000
mcc:  0.357


items/class:  500
             precision recall  f1-score  support
0                0.511  0.523     0.517     1000
1                0.524  0.571     0.547     1000
2                0.331  0.336     0.333     1000
3                0.314  0.298     0.306     1000
4                0.388   0.43     0.408     1000
5                0.411   0.34     0.372     1000
6                0.468  0.535     0.499     1000
7                0.531  0.427     0.473     1000
8                 0.58  0.596     0.588     1000
9                  0.5  0.507     0.504     1000
accuracy             -      -     0.456    10000
macro avg        0.456  0.456     0.455    10000
weighted avg     0.456  0.456     0.455    10000
mcc:  0.396

