Model: "sequential_3"
_________________________________________________________________
Layer (type)                 Output Shape              Param #   
=================================================================
up_sampling2d_3 (UpSampling2 (None, 224, 224, 3)       0         
_________________________________________________________________
efficientnetb0 (Functional)  (None, 7, 7, 1280)        4049571   
_________________________________________________________________
global_average_pooling2d_3 ( (None, 1280)              0         
_________________________________________________________________
batch_normalization_3 (Batch (None, 1280)              5120      
_________________________________________________________________
dropout_3 (Dropout)          (None, 1280)              0         
_________________________________________________________________
dense_3 (Dense)              (None, 10)                12810     
=================================================================
Total params: 4,067,501
Trainable params: 796,810
Non-trainable params: 3,270,691
_________________________________________________________________
None
batch size: [24, 32, 32, 32]	learning rate: 0.001	max epochs: 100


items/class:  10  patience:  20
             precision recall  f1-score  support
0                0.549   0.24     0.334     1000
1                0.931  0.918     0.924     1000
2                0.552  0.712     0.622     1000
3                0.776  0.323     0.456     1000
4                0.366  0.714     0.484     1000
5                0.733  0.951     0.828     1000
6                0.402  0.316     0.354     1000
7                0.872  0.716     0.786     1000
8                0.782   0.81     0.796     1000
9                0.866   0.85     0.858     1000
accuracy             -      -     0.655    10000
macro avg        0.683  0.655     0.644    10000
weighted avg     0.683  0.655     0.644    10000
mcc:  0.623
last epoch:  73


items/class:  50  patience:  20
             precision recall  f1-score  support
0                0.795  0.653     0.717     1000
1                0.994  0.883     0.935     1000
2                 0.89  0.569     0.694     1000
3                0.631  0.872     0.732     1000
4                0.664  0.657     0.660     1000
5                0.822  0.963     0.887     1000
6                 0.48  0.579     0.525     1000
7                0.887  0.841     0.863     1000
8                0.894  0.929     0.911     1000
9                0.975  0.892     0.932     1000
accuracy             -      -     0.784    10000
macro avg        0.803  0.784     0.786    10000
weighted avg     0.803  0.784     0.786    10000
mcc:  0.761
last epoch:  50


items/class:  250  patience:  20
             precision recall  f1-score  support
0                0.836  0.699     0.761     1000
1                0.999  0.946     0.972     1000
2                0.909  0.692     0.786     1000
3                0.738  0.937     0.826     1000
4                0.691  0.851     0.763     1000
5                0.857  0.979     0.914     1000
6                0.595  0.556     0.575     1000
7                0.859  0.877     0.868     1000
8                0.951  0.964     0.957     1000
9                0.995   0.84     0.911     1000
accuracy             -      -     0.834    10000
macro avg        0.843  0.834     0.833    10000
weighted avg     0.843  0.834     0.833    10000
mcc:  0.817
last epoch:  65


items/class:  500  patience:  15
             precision recall  f1-score  support
0                0.853  0.715     0.778     1000
1                0.981  0.978     0.979     1000
2                0.874  0.702     0.779     1000
3                0.837  0.867     0.852     1000
4                0.782  0.831     0.806     1000
5                0.827  0.982     0.898     1000
6                0.557  0.692     0.617     1000
7                0.876  0.873     0.874     1000
8                0.959  0.971     0.965     1000
9                0.998  0.821     0.901     1000
accuracy             -      -     0.843    10000
macro avg        0.854  0.843     0.845    10000
weighted avg     0.854  0.843     0.845    10000
mcc:  0.827
last epoch:  72

