
items/class:  10
             precision recall  f1-score  support
0                0.463  0.406     0.433     1000
1                0.544  0.623     0.581     1000
2                0.368  0.379     0.373     1000
3                0.316  0.448     0.370     1000
4                0.428  0.326     0.370     1000
5                0.735  0.428     0.541     1000
6                0.227  0.243     0.235     1000
7                0.497  0.768     0.603     1000
8                0.541  0.348     0.424     1000
9                0.718  0.663     0.690     1000
accuracy             -      -     0.463    10000
macro avg        0.484  0.463     0.462    10000
weighted avg     0.484  0.463     0.462    10000
mcc:  0.406


items/class:  50
             precision recall  f1-score  support
0                0.661  0.729     0.693     1000
1                0.959  0.796     0.870     1000
2                 0.56  0.595     0.577     1000
3                0.592   0.83     0.691     1000
4                 0.47  0.724     0.570     1000
5                0.852  0.508     0.637     1000
6                    0      0     0.000     1000
7                0.575  0.921     0.708     1000
8                0.702  0.775     0.737     1000
9                0.805   0.61     0.694     1000
accuracy             -      -     0.649    10000
macro avg        0.618  0.649     0.618    10000
weighted avg     0.618  0.649     0.618    10000
mcc:  0.617


items/class:  250
             precision recall  f1-score  support
0                0.662  0.707     0.684     1000
1                0.872  0.919     0.895     1000
2                0.586  0.626     0.605     1000
3                0.758  0.671     0.712     1000
4                0.585  0.631     0.607     1000
5                0.837    0.8     0.818     1000
6                0.461   0.42     0.440     1000
7                0.765  0.858     0.809     1000
8                0.889  0.821     0.853     1000
9                  0.9  0.839     0.869     1000
accuracy             -      -     0.729    10000
macro avg        0.731  0.729     0.729    10000
weighted avg     0.731  0.729     0.729    10000
mcc:  0.699


items/class:  500
             precision recall  f1-score  support
0                0.688   0.74     0.713     1000
1                0.902  0.914     0.908     1000
2                0.613  0.742     0.671     1000
3                0.769   0.73     0.749     1000
4                0.648  0.597     0.621     1000
5                0.863  0.816     0.839     1000
6                0.538  0.456     0.494     1000
7                0.826   0.82     0.823     1000
8                0.868  0.859     0.863     1000
9                0.834  0.881     0.857     1000
accuracy             -      -     0.756    10000
macro avg        0.755  0.756     0.754    10000
weighted avg     0.755  0.756     0.754    10000
mcc:  0.729

