              precision    recall  f1-score   support

           0      0.603     0.752     0.669      1000
           1      0.837     0.926     0.879      1000
           2      0.433     0.553     0.486      1000
           3      0.767     0.621     0.686      1000
           4      0.487     0.476     0.482      1000
           5      0.822     0.847     0.834      1000
           6      0.413     0.232     0.297      1000
           7      0.831     0.835     0.833      1000
           8      0.921     0.874     0.897      1000
           9      0.872     0.904     0.888      1000

    accuracy                          0.702     10000
   macro avg      0.699     0.702     0.695     10000
weighted avg      0.699     0.702     0.695     10000

mcc: 0.67
-------------------------------

              precision    recall  f1-score   support

           0      0.753     0.800     0.776      1000
           1      0.985     0.934     0.959      1000
           2      0.688     0.698     0.693      1000
           3      0.788     0.879     0.831      1000
           4      0.716     0.722     0.719      1000
           5      0.950     0.902     0.926      1000
           6      0.531     0.422     0.470      1000
           7      0.881     0.937     0.908      1000
           8      0.915     0.959     0.937      1000
           9      0.937     0.933     0.935      1000

    accuracy                          0.819     10000
   macro avg      0.814     0.819     0.815     10000
weighted avg      0.814     0.819     0.815     10000

mcc: 0.799
-------------------------------

              precision    recall  f1-score   support

           0      0.827     0.799     0.813      1000
           1      0.987     0.970     0.978      1000
           2      0.817     0.792     0.804      1000
           3      0.867     0.893     0.880      1000
           4      0.768     0.790     0.779      1000
           5      0.972     0.966     0.969      1000
           6      0.648     0.640     0.644      1000
           7      0.933     0.965     0.949      1000
           8      0.946     0.976     0.961      1000
           9      0.971     0.948     0.960      1000

    accuracy                          0.874     10000
   macro avg      0.874     0.874     0.874     10000
weighted avg      0.874     0.874     0.874     10000

mcc: 0.86
-------------------------------

              precision    recall  f1-score   support

           0      0.843     0.792     0.816      1000
           1      0.990     0.971     0.980      1000
           2      0.841     0.814     0.827      1000
           3      0.877     0.907     0.892      1000
           4      0.800     0.839     0.819      1000
           5      0.977     0.974     0.975      1000
           6      0.692     0.693     0.692      1000
           7      0.945     0.971     0.958      1000
           8      0.962     0.980     0.971      1000
           9      0.977     0.959     0.968      1000

    accuracy                          0.890     10000
   macro avg      0.890     0.890     0.890     10000
weighted avg      0.890     0.890     0.890     10000

mcc: 0.878
-------------------------------

