Model: "sequential_3"
_________________________________________________________________
Layer (type)                 Output Shape              Param #   
=================================================================
conv2d_18 (Conv2D)           (None, 28, 28, 64)        3200      
_________________________________________________________________
max_pooling2d_3 (MaxPooling2 (None, 7, 7, 64)          0         
_________________________________________________________________
conv2d_19 (Conv2D)           (None, 7, 7, 128)         204928    
_________________________________________________________________
conv2d_20 (Conv2D)           (None, 7, 7, 64)          204864    
_________________________________________________________________
conv2d_21 (Conv2D)           (None, 7, 7, 64)          102464    
_________________________________________________________________
conv2d_22 (Conv2D)           (None, 7, 7, 32)          100384    
_________________________________________________________________
conv2d_23 (Conv2D)           (None, 7, 7, 128)         102528    
_________________________________________________________________
global_average_pooling2d_3 ( (None, 128)               0         
_________________________________________________________________
dense_3 (Dense)              (None, 10)                1290      
=================================================================
Total params: 719,658
Trainable params: 719,658
Non-trainable params: 0
_________________________________________________________________
None
batch size: 32	learning rate: 0.001	max epochs: 60


items/class:  10  patience:  4
             precision recall  f1-score  support
0                0.279  0.019     0.036     1000
1                    0      0     0.000     1000
2                0.394  0.325     0.356     1000
3                0.367  0.823     0.508     1000
4                0.239  0.723     0.359     1000
5                0.787  0.326     0.461     1000
6                0.135  0.013     0.024     1000
7                0.604  0.836     0.701     1000
8                0.969  0.719     0.825     1000
9                0.732  0.881     0.799     1000
accuracy             -      -     0.466    10000
macro avg        0.451  0.466     0.407    10000
weighted avg     0.451  0.466     0.407    10000
mcc:  0.429
last epoch:  29


items/class:  50  patience:  4
             precision recall  f1-score  support
0                0.726  0.818     0.770     1000
1                0.929  0.957     0.943     1000
2                0.425  0.336     0.375     1000
3                 0.79   0.78     0.785     1000
4                0.649  0.255     0.366     1000
5                0.997   0.64     0.780     1000
6                0.356  0.572     0.439     1000
7                0.695  0.985     0.815     1000
8                0.903  0.963     0.932     1000
9                0.918  0.862     0.889     1000
accuracy             -      -     0.717    10000
macro avg        0.739  0.717     0.709    10000
weighted avg     0.739  0.717     0.709    10000
mcc:  0.69
last epoch:  23


items/class:  250  patience:  4
             precision recall  f1-score  support
0                0.789  0.765     0.777     1000
1                0.946  0.972     0.959     1000
2                0.522   0.88     0.655     1000
3                0.867  0.773     0.817     1000
4                0.665  0.675     0.670     1000
5                0.978   0.93     0.953     1000
6                0.593   0.23     0.331     1000
7                0.945  0.942     0.943     1000
8                 0.94  0.967     0.953     1000
9                0.928  0.969     0.948     1000
accuracy             -      -     0.810    10000
macro avg        0.817   0.81     0.801    10000
weighted avg     0.817   0.81     0.801    10000
mcc:  0.793
last epoch:  16


items/class:  500  patience:  4
             precision recall  f1-score  support
0                0.824  0.773     0.798     1000
1                0.983  0.966     0.974     1000
2                0.847  0.655     0.739     1000
3                 0.92  0.812     0.862     1000
4                0.689  0.858     0.764     1000
5                0.984   0.96     0.972     1000
6                0.615  0.709     0.659     1000
7                0.925   0.98     0.951     1000
8                0.957  0.978     0.967     1000
9                0.978  0.946     0.962     1000
accuracy             -      -     0.864    10000
macro avg        0.872  0.864     0.865    10000
weighted avg     0.872  0.864     0.865    10000
mcc:  0.849
last epoch:  16

