
items/class:  10
             precision recall  f1-score  support
0                0.657  0.612     0.634     1000
1                 0.78    0.9     0.836     1000
2                0.433  0.428     0.430     1000
3                0.676  0.625     0.650     1000
4                0.465  0.485     0.475     1000
5                0.743  0.797     0.769     1000
6                0.373  0.357     0.365     1000
7                0.813   0.84     0.826     1000
8                0.929  0.811     0.866     1000
9                0.854  0.873     0.864     1000
accuracy             -      -     0.673    10000
macro avg        0.672  0.673     0.671    10000
weighted avg     0.672  0.673     0.671    10000
mcc:  0.637


items/class:  50
             precision recall  f1-score  support
0                0.756  0.761     0.758     1000
1                0.958  0.902     0.929     1000
2                0.688  0.581     0.630     1000
3                0.713  0.866     0.782     1000
4                0.623  0.685     0.653     1000
5                0.904  0.882     0.893     1000
6                0.451  0.375     0.409     1000
7                0.863  0.897     0.880     1000
8                0.902  0.934     0.918     1000
9                 0.89    0.9     0.895     1000
accuracy             -      -     0.778    10000
macro avg        0.775  0.778     0.775    10000
weighted avg     0.775  0.778     0.775    10000
mcc:  0.754


items/class:  250
             precision recall  f1-score  support
0                0.772  0.776     0.774     1000
1                 0.98  0.922     0.950     1000
2                0.686  0.703     0.694     1000
3                0.807  0.872     0.838     1000
4                0.661  0.763     0.708     1000
5                0.942  0.901     0.921     1000
6                0.606   0.45     0.517     1000
7                0.874  0.905     0.889     1000
8                0.916  0.955     0.935     1000
9                0.906  0.921     0.913     1000
accuracy             -      -     0.817    10000
macro avg        0.815  0.817     0.814    10000
weighted avg     0.815  0.817     0.814    10000
mcc:  0.797


items/class:  500
             precision recall  f1-score  support
0                0.777  0.805     0.791     1000
1                0.986  0.931     0.958     1000
2                0.714  0.719     0.716     1000
3                0.808  0.878     0.841     1000
4                0.679  0.799     0.734     1000
5                0.957  0.913     0.934     1000
6                0.645  0.458     0.536     1000
7                0.892  0.904     0.898     1000
8                0.925  0.956     0.940     1000
9                0.899  0.933     0.916     1000
accuracy             -      -     0.830    10000
macro avg        0.828   0.83     0.826    10000
weighted avg     0.828   0.83     0.826    10000
mcc:  0.811

