
items/class:  10
             precision recall  f1-score  support
0                 0.61  0.748     0.672     1000
1                 0.83  0.886     0.857     1000
2                0.457  0.426     0.441     1000
3                0.714  0.665     0.689     1000
4                0.519  0.427     0.468     1000
5                0.759  0.783     0.771     1000
6                0.366  0.376     0.371     1000
7                 0.77  0.876     0.819     1000
8                0.938  0.781     0.852     1000
9                0.884  0.876     0.880     1000
accuracy             -      -     0.684    10000
macro avg        0.685  0.684     0.682    10000
weighted avg     0.685  0.684     0.682    10000
mcc:  0.65


items/class:  50
             precision recall  f1-score  support
0                0.779  0.737     0.757     1000
1                0.962  0.917     0.939     1000
2                0.693   0.63     0.660     1000
3                0.763  0.859     0.808     1000
4                0.704  0.695     0.700     1000
5                0.895  0.884     0.889     1000
6                0.496  0.519     0.507     1000
7                0.867  0.905     0.886     1000
8                0.921  0.926     0.924     1000
9                0.908  0.903     0.905     1000
accuracy             -      -     0.798    10000
macro avg        0.799  0.798     0.798    10000
weighted avg     0.799  0.798     0.798    10000
mcc:  0.775


items/class:  250
             precision recall  f1-score  support
0                0.803  0.756     0.779     1000
1                0.986  0.949     0.967     1000
2                0.712  0.768     0.739     1000
3                0.837  0.868     0.852     1000
4                0.739  0.752     0.746     1000
5                0.932   0.92     0.926     1000
6                0.605  0.561     0.582     1000
7                0.893  0.918     0.905     1000
8                0.927  0.951     0.939     1000
9                0.931  0.928     0.929     1000
accuracy             -      -     0.837    10000
macro avg        0.837  0.837     0.837    10000
weighted avg     0.837  0.837     0.837    10000
mcc:  0.819


items/class:  500
             precision recall  f1-score  support
0                0.793  0.812     0.802     1000
1                0.989  0.955     0.972     1000
2                0.745  0.764     0.755     1000
3                0.835  0.873     0.853     1000
4                0.768  0.761     0.764     1000
5                0.944  0.924     0.934     1000
6                0.646   0.59     0.617     1000
7                0.907  0.939     0.923     1000
8                0.936  0.961     0.948     1000
9                 0.94  0.934     0.937     1000
accuracy             -      -     0.851    10000
macro avg         0.85  0.851     0.850    10000
weighted avg      0.85  0.851     0.850    10000
mcc:  0.835

